(1,7.0424294)
(1,10.378318)
(1,7.7096076)
(1,7.4046116)
(1,8.791206)
(1,9.108211)
(1,6.520351)
(1,9.21918)
(1,9.577703)
(1,9.933533)
(1,8.803036)
(1,9.1922245)
(1,7.7466726)
(1,8.154393)
(1,9.859403)
(1,8.450916)
(1,7.3554273)
(1,7.887521)
(1,9.63701)
(1,11.267886)
(1,6.084658)
(1,10.141099)
(1,8.169217)
(1,9.63701)
(2,8.772855)
(2,11.267886)
(2,6.1034384)
(2,10.971363)
(2,9.155159)
(2,9.155159)
(2,12.305719)
(2,7.6962013)
(2,12.750505)
(2,5.36566)
(2,11.416149)
(2,11.443948)
(2,12.305719)
(2,4.4266696)
(2,7.5477953)
(2,7.3554273)
(2,8.895701)
(2,5.7100787)
(2,6.671777)
(2,9.63701)
(2,7.4424405)
(2,8.361335)
(2,10.7044935)
(2,7.1165595)
(2,4.619833)
(2,12.20688)
(2,8.154393)
(2,5.258347)
(2,9.624655)
(2,9.219653)
(2,14.465531)
(2,7.7466726)
(2,8.222511)
(2,10.897233)
(2,10.563645)
(2,7.1165595)
(2,7.324128)
(2,6.197338)
(2,7.6058245)
(2,11.972132)
(2,5.5556955)
(2,7.0424294)
(2,10.378318)
(2,17.21483)
(2,17.272484)
(2,6.7070765)
(2,9.63701)
(2,7.85787)
(2,9.136126)
(2,8.895701)
(2,7.0424294)
(2,7.2327647)
(2,5.633943)
(2,10.658812)
(2,14.084859)
(2,8.450916)
(2,5.1891575)
(2,7.103669)
(2,10.430209)
(2,9.894539)
(2,11.267886)
(2,5.2113986)
(2,8.599178)
(2,8.763911)
(2,7.7096076)
(2,10.256743)
(2,9.823287)
(2,7.179274)
(2,6.1034384)
(2,9.577703)
(2,5.2818227)
(2,8.519622)
(3,7.7466726)
(3,12.253828)
(3,9.296007)
(3,8.599178)
(3,6.690309)
(3,5.3522468)
(3,8.310068)
(3,7.7466726)
(3,13.536692)
(3,14.826167)
(3,11.893882)
(3,8.450916)
(3,15.157992)
(3,7.7466726)
(3,10.563645)
(3,6.3381863)
(3,10.081795)
(3,22.535774)
(3,14.826167)
(3,10.197586)
(3,7.1566315)
(3,10.081795)
(3,10.4630375)
(3,7.7466726)
(3,12.486037)
(3,6.3381863)
(3,8.747438)
(3,9.488747)
(3,14.084859)
(3,6.671777)
(3,6.760733)
(3,8.607413)
(3,10.094338)
(3,9.859403)
(3,9.718552)
(3,7.8075204)
(3,11.391094)
(3,7.7096076)
(3,10.7044935)
(3,13.86817)
(3,6.510336)
(3,9.296007)
(3,8.154393)
(3,10.0159)
(3,10.963349)
(3,10.015774)
(3,11.972132)
(3,22.535774)
(3,7.6058245)
(3,9.43358)
(3,14.056691)
(3,12.20688)
(3,8.137918)
(3,12.898766)
(3,10.73132)
(3,10.227832)
(3,8.607413)
(3,7.6292977)
(3,5.8843403)
(3,7.7466726)
(3,5.7996473)
(3,6.7954755)
(3,10.73132)
(3,7.5119247)
(3,6.2255087)
(3,7.378903)
(3,8.137918)
(3,9.155159)
(3,14.8673525)
(3,8.450916)
(3,10.141099)
(3,5.9558825)
(3,9.389907)
(3,17.019205)
(3,11.267886)
(3,11.420157)
(3,8.00613)
(3,11.712671)
(3,14.7676325)
(3,8.412041)
(3,10.641893)
(3,12.602242)
(3,9.076909)
(3,6.9015813)
(3,10.462938)
(3,14.507406)
(3,14.44601)
(3,7.2852707)
(3,8.599178)
(3,9.718552)
(3,14.084859)
(3,14.648254)
(3,13.343551)
(3,5.9558825)
(3,7.887521)
(3,7.264822)
(3,8.895701)
(3,9.63701)
(3,13.565944)
(3,8.450916)
(3,10.563645)
(3,7.5119247)
(3,9.753691)
(3,14.511675)
(4,10.817171)
(4,8.048491)
(4,13.3487835)
(4,5.986066)
(4,8.652128)
(4,8.310068)
(4,12.478147)
(4,11.19025)
(4,13.343551)
(4,15.493345)
(4,8.873463)
(4,8.607413)
(4,9.389907)
(4,9.014311)
(4,9.718552)
(4,13.204556)
(4,10.943936)
(4,11.267886)
(4,13.373308)
(4,19.27402)
(4,13.001408)
(4,7.7466726)
(4,9.859403)
(4,12.817224)
(4,11.119626)
(4,7.887521)
(4,14.084859)
(4,11.267886)
(4,12.731102)
(4,15.493345)
(4,15.0238495)
(4,17.465227)
(4,7.170474)
(4,15.493345)
(4,11.161587)
(4,13.195288)
(4,12.572334)
(4,11.972132)
(4,14.755567)
(4,9.2647085)
(4,12.278618)
(4,12.723324)
(4,10.332794)
(4,9.014311)
(4,11.972132)
(4,9.155159)
(4,9.014311)
(4,11.549585)
(4,13.302365)
(4,7.9814205)
(4,17.653023)
(4,6.4213643)
(4,6.310018)
(4,16.693167)
(4,8.450916)
(4,12.1815)
(4,10.254666)
(4,8.028369)
(4,10.7044935)
(4,15.962841)
(4,25.608839)
(4,9.014311)
(4,11.679008)
(4,11.589828)
(4,8.450916)
(4,7.97706)
(4,14.084859)
(4,11.943961)
(4,8.450916)
(4,8.450916)
(4,14.397857)
(4,10.081795)
(4,10.156326)
(4,12.556652)
(4,9.897469)
(4,11.972132)
(4,10.243533)
(4,10.230055)
(4,15.775042)
(4,12.895471)
(4,7.3696017)
(4,17.33521)
(4,11.972132)
(4,13.20033)
(4,15.493345)
(4,15.791521)
(4,13.13155)
(4,8.652128)
(5,6.4022098)
(5,9.765503)
(5,7.098768)
(5,9.63701)
(5,9.65819)
(5,17.21483)
(5,37.559612)
(5,11.119626)
(5,12.20688)
(5,22.887897)
(5,9.63701)
(5,9.155159)
(5,10.422797)
(5,20.563896)
(5,5.3209476)
(5,11.712671)
(5,7.1501317)
(5,18.732862)
(5,6.197338)
(5,9.65819)
(5,15.458355)
(5,21.408987)
(5,16.901833)
(5,17.88021)
(5,13.343715)
(5,12.568028)
(5,15.493345)
(5,24.272955)
(5,14.648254)
(5,12.279108)
(5,10.230055)
(5,10.081795)
(5,9.63701)
(5,14.084859)
(5,21.534185)
(5,11.267886)
(5,28.795708)
(5,14.01263)
(5,23.721869)
(5,9.63701)
(5,6.197338)
(5,17.70668)
(5,28.169727)
(5,19.56387)
(5,12.942843)
(5,15.067524)
(5,21.690683)
(5,7.9814205)
(5,8.450916)
(5,8.450916)
(5,16.901833)
(5,22.535774)
(5,10.000251)
(5,16.767689)
(5,18.543657)
(5,8.426689)
(5,7.887521)
(5,7.887521)
(5,19.437105)
(5,18.366657)
(5,7.887521)
(5,33.803654)
(5,14.760931)
(5,14.084859)
(5,11.119626)
(5,10.060613)
(5,9.202107)
(5,14.197539)
(5,6.009539)
(5,11.860934)
(5,14.677907)
(5,20.000502)
(5,7.85787)
(5,7.4649763)
(5,16.119339)
(5,6.5525227)
(5,13.771861)
(5,16.749563)
(5,10.450653)
(5,9.155159)
(5,17.552864)
(5,16.901833)
(5,8.450916)
